  Wed 08-APR-2020 15:55 Workspace: directbeam_new_hist
 
  233    0    0    0    1  233    0
         0         0         0         0
 3 (F12.5,2E16.6)
     0.94100    3.603073e-01    5.307027e-03
     1.02300    3.689928e-01    4.441570e-03
     1.10500    3.225378e-01    6.580244e-03
     1.18700    2.785694e-01    1.398274e-02
     1.26900    2.548379e-01    1.313032e-02
     1.35100    2.301648e-01    1.081521e-02
     1.43300    2.198030e-01    9.309552e-03
     1.51500    2.050439e-01    7.730403e-03
     1.59700    2.000697e-01    6.612530e-03
     1.67900    1.968973e-01    6.055884e-03
     1.76100    1.909688e-01    5.454272e-03
     1.84300    1.851887e-01    4.882835e-03
     1.92500    1.808047e-01    4.376806e-03
     2.00700    1.792111e-01    3.965246e-03
     2.08900    1.774925e-01    3.581536e-03
     2.17100    1.790679e-01    3.296641e-03
     2.25300    1.843518e-01    3.080993e-03
     2.33500    1.842112e-01    2.775329e-03
     2.41700    1.801774e-01    2.427362e-03
     2.49900    1.811439e-01    2.162503e-03
     2.58100    1.787426e-01    1.874770e-03
     2.66300    1.762700e-01    1.775936e-03
     2.74500    1.720492e-01    1.714182e-03
     2.82700    1.680234e-01    1.656713e-03
     2.90900    1.689778e-01    1.647362e-03
     2.99100    1.657978e-01    1.599305e-03
     3.07300    1.644525e-01    1.571559e-03
     3.15500    1.631732e-01    1.546801e-03
     3.23700    1.608838e-01    1.516187e-03
     3.31900    1.596403e-01    1.499774e-03
     3.40100    1.571607e-01    1.473808e-03
     3.48300    1.537593e-01    1.441814e-03
     3.56500    1.492657e-01    1.418350e-03
     3.64700    1.443281e-01    1.396471e-03
     3.72900    1.403768e-01    1.383556e-03
     3.81100    1.363294e-01    1.369037e-03
     3.89300    1.352967e-01    1.383344e-03
     3.97500    1.290045e-01    1.342092e-03
     4.05700    1.182785e-01    1.249242e-03
     4.13900    1.152269e-01    1.236824e-03
     4.22100    1.132872e-01    1.238343e-03
     4.30300    1.105679e-01    1.231526e-03
     4.38500    1.085541e-01    1.230218e-03
     4.46700    1.082312e-01    1.247308e-03
     4.54900    1.067836e-01    1.231622e-03
     4.63100    1.048016e-01    1.197203e-03
     4.71300    1.060644e-01    1.198667e-03
     4.79500    1.049814e-01    1.172507e-03
     4.87700    1.031239e-01    1.139845e-03
     4.95900    1.016035e-01    1.112048e-03
     5.04100    1.002214e-01    1.087080e-03
     5.12300    1.008283e-01    1.083128e-03
     5.20500    9.938722e-02    1.057631e-03
     5.28700    9.855497e-02    1.040347e-03
     5.36900    9.882650e-02    1.034230e-03
     5.45100    9.804236e-02    1.019262e-03
     5.53300    9.824033e-02    1.013347e-03
     5.61500    9.851604e-02    1.009893e-03
     5.69700    9.661381e-02    9.856310e-04
     5.77900    9.655685e-02    9.807775e-04
     5.86100    9.677605e-02    9.786491e-04
     5.94300    9.554157e-02    9.647673e-04
     6.02500    9.512053e-02    9.639726e-04
     6.10700    9.427461e-02    9.702883e-04
     6.18900    9.514287e-02    9.961877e-04
     6.27100    9.359602e-02    9.968031e-04
     6.35300    9.357157e-02    1.011050e-03
     6.43500    9.237340e-02    1.014636e-03
     6.51700    9.123500e-02    1.018832e-03
     6.59900    9.217920e-02    1.046921e-03
     6.68100    9.027791e-02    1.044843e-03
     6.76300    8.865509e-02    1.043224e-03
     6.84500    8.990664e-02    1.075469e-03
     6.92700    8.741942e-02    1.062607e-03
     7.00900    8.635781e-02    1.066824e-03
     7.09100    8.637984e-02    1.086022e-03
     7.17300    8.629185e-02    1.101526e-03
     7.25500    8.469094e-02    1.098359e-03
     7.33700    8.485133e-02    1.121022e-03
     7.41900    8.377168e-02    1.124954e-03
     7.50100    8.228398e-02    1.123227e-03
     7.58300    8.212872e-02    1.140501e-03
     7.66500    8.287834e-02    1.170615e-03
     7.74700    8.106738e-02    1.163953e-03
     7.82900    8.085756e-02    1.180079e-03
     7.91100    7.914260e-02    1.170060e-03
     7.99300    7.775862e-02    1.171520e-03
     8.07500    7.827376e-02    1.205990e-03
     8.15700    7.697327e-02    1.211816e-03
     8.23900    7.677883e-02    1.240152e-03
     8.32100    7.485649e-02    1.239507e-03
     8.40300    7.564938e-02    1.276532e-03
     8.48500    7.468281e-02    1.290079e-03
     8.56700    7.329959e-02    1.293576e-03
     8.64900    7.279151e-02    1.309043e-03
     8.73100    7.257977e-02    1.338278e-03
     8.81300    7.137336e-02    1.341875e-03
     8.89500    7.155589e-02    1.370439e-03
     8.97700    7.115481e-02    1.392001e-03
     9.05900    7.047656e-02    1.406021e-03
     9.14100    7.023718e-02    1.428543e-03
     9.22300    7.198492e-02    1.490172e-03
     9.30500    6.848913e-02    1.446647e-03
     9.38700    6.709342e-02    1.447536e-03
     9.46900    6.770442e-02    1.491756e-03
     9.55100    6.734160e-02    1.503833e-03
     9.63300    6.610166e-02    1.505828e-03
     9.71500    6.432432e-02    1.493826e-03
     9.79700    6.658101e-02    1.569799e-03
     9.87900    6.559892e-02    1.575824e-03
     9.96100    6.463066e-02    1.576624e-03
    10.04300    6.425305e-02    1.589785e-03
    10.12500    6.276264e-02    1.571780e-03
    10.20700    6.315792e-02    1.604329e-03
    10.28900    6.246266e-02    1.606415e-03
    10.37100    6.344487e-02    1.655303e-03
    10.45300    6.215067e-02    1.635257e-03
    10.53500    5.949884e-02    1.591600e-03
    10.61700    6.146851e-02    1.652601e-03
    10.69900    6.205478e-02    1.692800e-03
    10.78100    6.152362e-02    1.690595e-03
    10.86300    5.982432e-02    1.663502e-03
    10.94500    5.797130e-02    1.643681e-03
    11.02700    6.009075e-02    1.716674e-03
    11.10900    5.794952e-02    1.682110e-03
    11.19100    5.789036e-02    1.698462e-03
    11.27300    5.689320e-02    1.686266e-03
    11.35500    5.735322e-02    1.722429e-03
    11.43700    5.998658e-02    1.814573e-03
    11.51900    5.421877e-02    1.675594e-03
    11.60100    5.636808e-02    1.758787e-03
    11.68300    5.776471e-02    1.824636e-03
    11.76500    5.576118e-02    1.794646e-03
    11.84700    5.390699e-02    1.750521e-03
    11.92900    5.499570e-02    1.803756e-03
    12.01100    5.419517e-02    1.803895e-03
    12.09300    5.455553e-02    1.819161e-03
    12.17500    5.344062e-02    1.807488e-03
    12.25700    5.061921e-02    1.740580e-03
    12.33900    5.210105e-02    1.798987e-03
    12.42100    4.995835e-02    1.763201e-03
    12.50300    4.789577e-02    1.785496e-03
    12.58500    4.737812e-02    1.781377e-03
    12.66700    4.686233e-02    1.777236e-03
    12.74900    4.634860e-02    1.773079e-03
    12.83100    4.583709e-02    1.768906e-03
    12.91300    4.532801e-02    1.764721e-03
    12.99500    4.482148e-02    1.760524e-03
    13.07700    4.431768e-02    1.756321e-03
    13.15900    4.381678e-02    1.752110e-03
    13.24100    4.331952e-02    1.789318e-03
    13.32300    4.790711e-06    2.742570e-07
    13.40500    0.000000e+00    0.000000e+00
    13.48700    0.000000e+00    0.000000e+00
    13.56900    0.000000e+00    0.000000e+00
    13.65100    0.000000e+00    0.000000e+00
    13.73300    0.000000e+00    0.000000e+00
    13.81500    0.000000e+00    0.000000e+00
    13.89700    0.000000e+00    0.000000e+00
    13.97900    0.000000e+00    0.000000e+00
    14.06100    0.000000e+00    0.000000e+00
    14.14300    0.000000e+00    0.000000e+00
    14.22500    0.000000e+00    0.000000e+00
    14.30700    0.000000e+00    0.000000e+00
    14.38900    0.000000e+00    0.000000e+00
    14.47100    0.000000e+00    0.000000e+00
    14.55300    0.000000e+00    0.000000e+00
    14.63500    0.000000e+00    0.000000e+00
    14.71700    0.000000e+00    0.000000e+00
    14.79900    0.000000e+00    0.000000e+00
    14.88100    0.000000e+00    0.000000e+00
    14.96300    0.000000e+00    0.000000e+00
    15.04500    0.000000e+00    0.000000e+00
    15.12700    0.000000e+00    0.000000e+00
    15.20900    0.000000e+00    0.000000e+00
    15.29100    0.000000e+00    0.000000e+00
    15.37300    0.000000e+00    0.000000e+00
    15.45500    0.000000e+00    0.000000e+00
    15.53700    0.000000e+00    0.000000e+00
    15.61900    0.000000e+00    0.000000e+00
    15.70100    0.000000e+00    0.000000e+00
    15.78300    0.000000e+00    0.000000e+00
    15.86500    0.000000e+00    0.000000e+00
    15.94700    0.000000e+00    0.000000e+00
    16.02900    0.000000e+00    0.000000e+00
    16.11100    0.000000e+00    0.000000e+00
    16.19300    0.000000e+00    0.000000e+00
    16.27500    0.000000e+00    0.000000e+00
    16.35700    0.000000e+00    0.000000e+00
    16.43900    0.000000e+00    0.000000e+00
    16.52100    0.000000e+00    0.000000e+00
    16.60300    0.000000e+00    0.000000e+00
    16.68500    0.000000e+00    0.000000e+00
    16.76700    0.000000e+00    0.000000e+00
    16.84900    0.000000e+00    0.000000e+00
    16.93100    0.000000e+00    0.000000e+00
    17.01300    0.000000e+00    0.000000e+00
    17.09500    0.000000e+00    0.000000e+00
    17.17700    0.000000e+00    0.000000e+00
    17.25900    0.000000e+00    0.000000e+00
    17.34100    0.000000e+00    0.000000e+00
    17.42300    0.000000e+00    0.000000e+00
    17.50500    0.000000e+00    0.000000e+00
    17.58700    0.000000e+00    0.000000e+00
    17.66900    0.000000e+00    0.000000e+00
    17.75100    0.000000e+00    0.000000e+00
    17.83300    0.000000e+00    0.000000e+00
    17.91500    0.000000e+00    0.000000e+00
    17.99700    0.000000e+00    0.000000e+00
    18.07900    0.000000e+00    0.000000e+00
    18.16100    0.000000e+00    0.000000e+00
    18.24300    0.000000e+00    0.000000e+00
    18.32500    0.000000e+00    0.000000e+00
    18.40700    0.000000e+00    0.000000e+00
    18.48900    0.000000e+00    0.000000e+00
    18.57100    0.000000e+00    0.000000e+00
    18.65300    0.000000e+00    0.000000e+00
    18.73500    0.000000e+00    0.000000e+00
    18.81700    0.000000e+00    0.000000e+00
    18.89900    0.000000e+00    0.000000e+00
    18.98100    0.000000e+00    0.000000e+00
    19.06300    0.000000e+00    0.000000e+00
    19.14500    0.000000e+00    0.000000e+00
    19.22700    0.000000e+00    0.000000e+00
    19.30900    0.000000e+00    0.000000e+00
    19.39100    0.000000e+00    0.000000e+00
    19.47300    0.000000e+00    0.000000e+00
    19.55499    0.000000e+00    0.000000e+00
    19.63694    0.000000e+00    0.000000e+00
    19.71872    0.000000e+00    0.000000e+00
    19.80020    0.000000e+00    0.000000e+00
    19.88125    0.000000e+00    0.000000e+00
    19.96200    0.000000e+00    0.000000e+00
