8.329185946268465729e-03
8.995520821969943404e-03
9.715162487727538321e-03
1.049237548674574090e-02
1.133176552568540031e-02
1.223830676774023164e-02
1.321737130915945010e-02
1.427476101389220549e-02
1.541674189500358283e-02
1.665008124660386987e-02
1.798208774633218085e-02
1.942065476603875573e-02
2.097430714732185716e-02
2.265225171910760504e-02
2.446443185663621511e-02
2.642158640516711204e-02
2.853531331758048240e-02
3.081813838298692182e-02
3.328358945362587529e-02
3.594627660991594337e-02
3.882197873870921884e-02
4.192773703780595940e-02
4.528195600083043809e-02
4.890451248089687508e-02
5.281687347936862842e-02
5.704222335771812202e-02
6.160560122633557123e-02
6.653404932444241526e-02
7.185677327039781404e-02
7.760531513202964526e-02
8.381374034259202188e-02
9.051883956999938474e-02
9.776034673559932942e-02
1.055811744744472730e-01
1.140276684324030565e-01
1.231498819069953010e-01
1.330018724595549151e-01
1.436420222563193072e-01
1.551333840368248618e-01
1.675440547597708552e-01
1.809475791405525114e-01
1.954233854717967178e-01
2.110572563095404475e-01
2.279418368143036888e-01
2.461771837594479706e-01
2.658713584602038216e-01
2.871410671370201451e-01
3.101123525079817478e-01
3.349213407086202854e-01
3.617150479653098993e-01
3.906522518025347113e-01
4.219044319467374904e-01
4.556567865024764852e-01
4.921093294226746018e-01
5.314780757764885344e-01
5.739963218386076038e-01
